# Game Level Exporter v1.0
MESH
Material_Preview_Dummy
<Matrix 4x4 (1.0000,  0.0000, 0.0000, 0.0000)
            (0.0000,  0.0000, 1.0000, 0.0000)
            (0.0000, -1.0000, 0.0000, 0.0000)
            (0.0000,  0.0000, 0.0000, 1.0000)>
MESH
YellowBox
<Matrix 4x4 (  1.0000,  0.0000, 0.0000, 0.0000)
            (  0.0000,  1.0000, 0.0000, 0.0000)
            (  0.0000, -0.0000, 1.0000, 0.0000)
            (-94.6219,  1.1729, 0.0000, 1.0000)>
MESH
Tree4
<Matrix 4x4 (  1.0000,  0.0000, 0.0000, 0.0000)
            (  0.0000,  1.0000, 0.0000, 0.0000)
            (  0.0000, -0.0000, 1.0000, 0.0000)
            (-62.4401,  0.0000, 0.0000, 1.0000)>
MESH
Tree3
<Matrix 4x4 (  1.0000,  0.0000, 0.0000, 0.0000)
            (  0.0000,  1.0000, 0.0000, 0.0000)
            (  0.0000, -0.0000, 1.0000, 0.0000)
            (-58.0194,  0.0000, 0.0000, 1.0000)>
MESH
Tree2
<Matrix 4x4 (  1.0000,  0.0000, 0.0000, 0.0000)
            (  0.0000,  1.0000, 0.0000, 0.0000)
            (  0.0000, -0.0000, 1.0000, 0.0000)
            (-71.2394,  0.0000, 0.0000, 1.0000)>
MESH
Tree1
<Matrix 4x4 (  1.0000,  0.0000, 0.0000, 0.0000)
            (  0.0000,  1.0000, 0.0000, 0.0000)
            (  0.0000, -0.0000, 1.0000, 0.0000)
            (-67.4957,  0.0000, 0.0000, 1.0000)>
MESH
Star
<Matrix 4x4 (  1.0000,  0.0000, 0.0000, 0.0000)
            (  0.0000,  1.0000, 0.0000, 0.0000)
            (  0.0000, -0.0000, 1.0000, 0.0000)
            (-89.5408,  0.7748, 0.0000, 1.0000)>
MESH
Spikes_Platform
<Matrix 4x4 (  1.0000,  0.0000, 0.0000, 0.0000)
            (  0.0000,  1.0000, 0.0000, 0.0000)
            (  0.0000, -0.0000, 1.0000, 0.0000)
            (-80.1437,  0.0000, 0.0000, 1.0000)>
MESH
Spike_Single
<Matrix 4x4 (  1.0000,  0.0000, 0.0000, 0.0000)
            (  0.0000,  1.0000, 0.0000, 0.0000)
            (  0.0000, -0.0000, 1.0000, 0.0000)
            (-75.8947,  0.0000, 0.0000, 1.0000)>
MESH
Spike_Group
<Matrix 4x4 (  1.0000,  0.0000, 0.0000, 0.0000)
            (  0.0000,  1.0000, 0.0000, 0.0000)
            (  0.0000, -0.0000, 1.0000, 0.0000)
            (-74.1394,  0.0000, 0.0000, 1.0000)>
MESH
Rock4
<Matrix 4x4 (  1.0000,  0.0000, 0.0000, 0.0000)
            (  0.0000,  1.0000, 0.0000, 0.0000)
            (  0.0000, -0.0000, 1.0000, 0.0000)
            (-81.9725,  0.0000, 0.0000, 1.0000)>
MESH
Platform_TopRight
<Matrix 4x4 (   1.0000,  0.0000, 0.0000, 0.0000)
            (   0.0000,  1.0000, 0.0000, 0.0000)
            (   0.0000, -0.0000, 1.0000, 0.0000)
            (-114.2891,  0.0000, 0.0000, 1.0000)>
MESH
Platform_TopMiddle
<Matrix 4x4 (   1.0000,  0.0000, 0.0000, 0.0000)
            (   0.0000,  1.0000, 0.0000, 0.0000)
            (   0.0000, -0.0000, 1.0000, 0.0000)
            (-116.9778, -0.0000, 0.0970, 1.0000)>
MESH
Platform_TopLeft
<Matrix 4x4 (   1.0000,  0.0000, 0.0000, 0.0000)
            (   0.0000,  1.0000, 0.0000, 0.0000)
            (   0.0000, -0.0000, 1.0000, 0.0000)
            (-119.6957,  0.0000, 0.0000, 1.0000)>
MESH
Platform_CenterRight
<Matrix 4x4 (   1.0000,  0.0000, 0.0000, 0.0000)
            (   0.0000,  1.0000, 0.0000, 0.0000)
            (   0.0000, -0.0000, 1.0000, 0.0000)
            (-104.6100,  0.0000, 0.0000, 1.0000)>
MESH
Platform_CenterMiddle
<Matrix 4x4 (  1.0000,  0.0000, 0.0000, 0.0000)
            (  0.0000,  1.0000, 0.0000, 0.0000)
            (  0.0000, -0.0000, 1.0000, 0.0000)
            (-99.7477,  0.0000, 0.0000, 1.0000)>
MESH
Platform_CenterLeft
<Matrix 4x4 (   1.0000,  0.0000, 0.0000, 0.0000)
            (   0.0000,  1.0000, 0.0000, 0.0000)
            (   0.0000, -0.0000, 1.0000, 0.0000)
            (-107.2941,  0.0000, 0.0000, 1.0000)>
MESH
Platform_BottomRight
<Matrix 4x4 (   1.0000,  0.0000, 0.0000, 0.0000)
            (   0.0000,  1.0000, 0.0000, 0.0000)
            (   0.0000, -0.0000, 1.0000, 0.0000)
            (-109.4088,  0.0000, 0.0000, 1.0000)>
MESH
Platform_BottomMiddle
<Matrix 4x4 (   1.0000,  0.0000, 0.0000, 0.0000)
            (   0.0000,  1.0000, 0.0000, 0.0000)
            (   0.0000, -0.0000, 1.0000, 0.0000)
            (-102.2533,  0.0000, 0.0000, 1.0000)>
MESH
Platform_BottomLeft
<Matrix 4x4 (   1.0000,  0.0000, 0.0000, 0.0000)
            (   0.0000,  1.0000, 0.0000, 0.0000)
            (   0.0000, -0.0000, 1.0000, 0.0000)
            (-112.2058,  0.0000, 0.0000, 1.0000)>
MESH
Grass2
<Matrix 4x4 (  1.0000,  0.0000,  0.0000, 0.0000)
            (  0.0000,  1.0000,  0.0000, 0.0000)
            (  0.0000, -0.0000,  1.0000, 0.0000)
            (-83.9733,  0.1850, -0.1625, 1.0000)>
MESH
Grass1
<Matrix 4x4 (  1.0000,  0.0000, 0.0000, 0.0000)
            (  0.0000,  1.0000, 0.0000, 0.0000)
            (  0.0000, -0.0000, 1.0000, 0.0000)
            (-83.9785,  0.0000, 0.0000, 1.0000)>
MESH
Grass
<Matrix 4x4 (  1.0000,  0.0000, 0.0000, 0.0000)
            (  0.0000,  1.0000, 0.0000, 0.0000)
            (  0.0000, -0.0000, 1.0000, 0.0000)
            (-85.4621,  0.0000, 0.0000, 1.0000)>
MESH
Flag
<Matrix 4x4 (  1.0000,  0.0000, 0.0000, 0.0000)
            (  0.0000,  1.0000, 0.0000, 0.0000)
            (  0.0000, -0.0000, 1.0000, 0.0000)
            (-93.1254,  0.0000, 0.0000, 1.0000)>
MESH
Crate
<Matrix 4x4 (  1.0000,  0.0000, 0.0000, 0.0000)
            (  0.0000,  1.0000, 0.0000, 0.0000)
            (  0.0000, -0.0000, 1.0000, 0.0000)
            (-87.7345,  1.0611, 0.0000, 1.0000)>
MESH
Coin
<Matrix 4x4 (  1.0000,  0.0000, 0.0000, 0.0000)
            (  0.0000,  1.0000, 0.0000, 0.0000)
            (  0.0000, -0.0000, 1.0000, 0.0000)
            (-91.4668,  0.6520, 0.0183, 1.0000)>
MESH
Platform_TopMiddle.001
<Matrix 4x4 (  8.4454,  0.0000,   0.0000, 0.0000)
            (  0.0000,  1.0000,   0.0000, 0.0000)
            (  0.0000, -0.0000,   1.0000, 0.0000)
            (-39.7735,  0.0000, -13.5150, 1.0000)>
MESH
Platform_TopMiddle.002
<Matrix 4x4 (  8.4454,  0.0000,   0.0000, 0.0000)
            (  0.0000,  1.0000,   0.0000, 0.0000)
            (  0.0000, -0.0000,   1.0000, 0.0000)
            (-22.9878,  0.0000, -13.5150, 1.0000)>
MESH
Platform_TopMiddle.003
<Matrix 4x4 ( 8.4454,  0.0000,   0.0000, 0.0000)
            ( 0.0000,  1.0000,   0.0000, 0.0000)
            ( 0.0000, -0.0000,   1.0000, 0.0000)
            (-6.1962,  0.0000, -13.5150, 1.0000)>
MESH
Platform_TopMiddle.004
<Matrix 4x4 ( 8.4454,  0.0000,   0.0000, 0.0000)
            ( 0.0000,  1.0000,   0.0000, 0.0000)
            ( 0.0000, -0.0000,   1.0000, 0.0000)
            (10.5253,  0.0000, -13.5150, 1.0000)>
MESH
Spike_Group.001
<Matrix 4x4 ( 1.0000,  0.0000,   0.0000, 0.0000)
            ( 0.0000,  1.0000,   0.0000, 0.0000)
            ( 0.0000, -0.0000,   1.0000, 0.0000)
            (17.6134,  0.7464, -13.3894, 1.0000)>
MESH
Platform_CenterMiddle.002
<Matrix 4x4 ( 9.1681, -0.7348,  -0.0000, 0.0000)
            ( 0.0652,  0.8141,   0.0000, 0.0000)
            ( 0.0000, -0.0000,   1.0000, 0.0000)
            (29.4090, -0.8337, -13.5240, 1.0000)>
MESH
Spike_Group.002
<Matrix 4x4 ( 0.9949, -0.1009,  -0.0000, 0.0000)
            ( 0.1009,  0.9949,   0.0000, 0.0000)
            ( 0.0000, -0.0000,   1.0000, 0.0000)
            (21.9712,  0.5049, -13.3894, 1.0000)>
MESH
Platform_TopLeft.001
<Matrix 4x4 ( 1.0000,  0.0000,   0.0000, 0.0000)
            ( 0.0000,  1.0000,   0.0000, 0.0000)
            ( 0.0000, -0.0000,   1.0000, 0.0000)
            (19.5096,  5.7392, -13.5186, 1.0000)>
MESH
Platform_CenterLeft.001
<Matrix 4x4 ( 1.0000,  0.0000,   0.0000, 0.0000)
            ( 0.0000,  2.8976,   0.0000, 0.0000)
            ( 0.0000, -0.0000,   1.0000, 0.0000)
            (19.5171,  1.8707, -13.5406, 1.0000)>
MESH
Tree1.001
<Matrix 4x4 ( 1.0000,  0.0000,   0.0000, 0.0000)
            ( 0.0000,  1.0000,   0.0000, 0.0000)
            ( 0.0000, -0.0000,   1.0000, 0.0000)
            (14.2440,  0.8826, -13.4950, 1.0000)>
MESH
YellowBox.001
<Matrix 4x4 ( 1.0000,  0.0000,   0.0000, 0.0000)
            ( 0.0000,  1.0000,   0.0000, 0.0000)
            ( 0.0000, -0.0000,   1.0000, 0.0000)
            (10.7197,  4.1283, -13.5341, 1.0000)>
MESH
YellowBox.002
<Matrix 4x4 (1.0000,  0.0000,   0.0000, 0.0000)
            (0.0000,  1.0000,   0.0000, 0.0000)
            (0.0000, -0.0000,   1.0000, 0.0000)
            (9.7298,  4.1283, -13.5341, 1.0000)>
MESH
YellowBox.003
<Matrix 4x4 (1.0000,  0.0000,   0.0000, 0.0000)
            (0.0000,  1.0000,   0.0000, 0.0000)
            (0.0000, -0.0000,   1.0000, 0.0000)
            (8.7239,  4.1283, -13.5341, 1.0000)>
MESH
YellowBox.004
<Matrix 4x4 (1.0000,  0.0000,   0.0000, 0.0000)
            (0.0000,  1.0000,   0.0000, 0.0000)
            (0.0000, -0.0000,   1.0000, 0.0000)
            (7.7252,  4.1283, -13.5341, 1.0000)>
MESH
YellowBox.005
<Matrix 4x4 (1.0000,  0.0000,   0.0000, 0.0000)
            (0.0000,  1.0000,   0.0000, 0.0000)
            (0.0000, -0.0000,   1.0000, 0.0000)
            (5.3122,  2.8058, -13.5341, 1.0000)>
MESH
YellowBox.007
<Matrix 4x4 (1.8894,  0.0000,   0.0000, 0.0000)
            (0.0000,  1.0000,   0.0000, 0.0000)
            (0.0000, -0.0000,   1.0000, 0.0000)
            (3.8600,  2.8058, -13.5341, 1.0000)>
MESH
YellowBox.008
<Matrix 4x4 (1.0000,  0.0000,   0.0000, 0.0000)
            (0.0000,  1.0000,   0.0000, 0.0000)
            (0.0000, -0.0000,   1.0000, 0.0000)
            (2.4293,  2.8058, -13.5341, 1.0000)>
MESH
YellowBox.009
<Matrix 4x4 ( 1.0000,  0.0000,   0.0000, 0.0000)
            ( 0.0000,  1.0000,   0.0000, 0.0000)
            ( 0.0000, -0.0000,   1.0000, 0.0000)
            (-0.2021,  4.2987, -13.5341, 1.0000)>
MESH
YellowBox.010
<Matrix 4x4 ( 1.0000,  0.0000,   0.0000, 0.0000)
            ( 0.0000,  1.0000,   0.0000, 0.0000)
            ( 0.0000, -0.0000,   1.0000, 0.0000)
            (-1.1920,  4.2987, -13.5341, 1.0000)>
MESH
YellowBox.011
<Matrix 4x4 ( 1.0000,  0.0000,   0.0000, 0.0000)
            ( 0.0000,  1.0000,   0.0000, 0.0000)
            ( 0.0000, -0.0000,   1.0000, 0.0000)
            (-2.1979,  4.2987, -13.5341, 1.0000)>
MESH
YellowBox.012
<Matrix 4x4 ( 1.0000,  0.0000,   0.0000, 0.0000)
            ( 0.0000,  1.0000,   0.0000, 0.0000)
            ( 0.0000, -0.0000,   1.0000, 0.0000)
            (-3.1967,  4.2987, -13.5341, 1.0000)>
MESH
YellowBox.013
<Matrix 4x4 ( 1.0000,  0.0000,   0.0000, 0.0000)
            ( 0.0000,  1.0000,   0.0000, 0.0000)
            ( 0.0000, -0.0000,   1.0000, 0.0000)
            (-5.5022,  2.7833, -13.5341, 1.0000)>
MESH
YellowBox.014
<Matrix 4x4 ( 1.0000,  0.0000,   0.0000, 0.0000)
            ( 0.0000,  1.0000,   0.0000, 0.0000)
            ( 0.0000, -0.0000,   1.0000, 0.0000)
            (-6.5010,  2.7833, -13.5341, 1.0000)>
MESH
YellowBox.015
<Matrix 4x4 ( 1.0000,  0.0000,   0.0000, 0.0000)
            ( 0.0000,  1.0000,   0.0000, 0.0000)
            ( 0.0000, -0.0000,   1.0000, 0.0000)
            (-9.3518,  1.4640, -13.5341, 1.0000)>
MESH
YellowBox.016
<Matrix 4x4 (  1.0000,  0.0000,   0.0000, 0.0000)
            (  0.0000,  1.0000,   0.0000, 0.0000)
            (  0.0000, -0.0000,   1.0000, 0.0000)
            (-10.3506,  1.4640, -13.5341, 1.0000)>
MESH
Spike_Group.003
<Matrix 4x4 ( 1.0000,  0.0000,   0.0000, 0.0000)
            ( 0.0000,  1.0000,   0.0000, 0.0000)
            ( 0.0000, -0.0000,   1.0000, 0.0000)
            (-4.3118,  0.0500, -13.3894, 1.0000)>
MESH
Platform_TopMiddle.005
<Matrix 4x4 ( 1.0000,  0.0000,   0.0000, 0.0000)
            ( 0.0000,  1.0000,   0.0000, 0.0000)
            ( 0.0000, -0.0000,   1.0000, 0.0000)
            (27.6807,  5.7392, -13.5186, 1.0000)>
MESH
Platform_TopLeft.002
<Matrix 4x4 ( 1.0000,  0.0000,   0.0000, 0.0000)
            ( 0.0000,  1.0000,   0.0000, 0.0000)
            ( 0.0000, -0.0000,   1.0000, 0.0000)
            (25.6743,  5.7392, -13.5186, 1.0000)>
MESH
Platform_TopRight.001
<Matrix 4x4 ( 1.0000,  0.0000,   0.0000, 0.0000)
            ( 0.0000,  1.0000,   0.0000, 0.0000)
            ( 0.0000, -0.0000,   1.0000, 0.0000)
            (29.6825,  5.7392, -13.5186, 1.0000)>
MESH
Platform_TopMiddle.006
<Matrix 4x4 ( 1.0000,  0.0000,   0.0000, 0.0000)
            ( 0.0000,  1.0000,   0.0000, 0.0000)
            ( 0.0000, -0.0000,   1.0000, 0.0000)
            (38.5615,  5.7392, -13.5186, 1.0000)>
MESH
Platform_TopLeft.003
<Matrix 4x4 ( 1.0000,  0.0000,   0.0000, 0.0000)
            ( 0.0000,  1.0000,   0.0000, 0.0000)
            ( 0.0000, -0.0000,   1.0000, 0.0000)
            (36.5551,  5.7392, -13.5186, 1.0000)>
MESH
Platform_TopRight.002
<Matrix 4x4 ( 1.0000,  0.0000,   0.0000, 0.0000)
            ( 0.0000,  1.0000,   0.0000, 0.0000)
            ( 0.0000, -0.0000,   1.0000, 0.0000)
            (40.5633,  5.7392, -13.5186, 1.0000)>
MESH
Spikes_Platform.001
<Matrix 4x4 (  1.0000,  0.0000,   0.0000, 0.0000)
            (  0.0000,  1.0000,   0.0000, 0.0000)
            (  0.0000, -0.0000,   1.0000, 0.0000)
            (-18.8241,  0.8990, -13.5419, 1.0000)>
MESH
Spikes_Platform.002
<Matrix 4x4 (  1.0000,  0.0000,   0.0000, 0.0000)
            (  0.0000,  1.0000,   0.0000, 0.0000)
            (  0.0000, -0.0000,   1.0000, 0.0000)
            (-20.5332,  0.8990, -13.5419, 1.0000)>
MESH
Spikes_Platform.003
<Matrix 4x4 (  1.0000,  0.0000,   0.0000, 0.0000)
            (  0.0000,  1.0000,   0.0000, 0.0000)
            (  0.0000, -0.0000,   1.0000, 0.0000)
            (-22.2307,  0.8990, -13.5419, 1.0000)>
MESH
Spikes_Platform.004
<Matrix 4x4 (  1.0000,  0.0000,   0.0000, 0.0000)
            (  0.0000,  1.0000,   0.0000, 0.0000)
            (  0.0000, -0.0000,   1.0000, 0.0000)
            (-23.9536,  0.8990, -13.5419, 1.0000)>
MESH
Spikes_Platform.005
<Matrix 4x4 (  1.0000,  0.0000,   0.0000, 0.0000)
            (  0.0000,  1.0000,   0.0000, 0.0000)
            (  0.0000, -0.0000,   1.0000, 0.0000)
            (-25.6508,  0.8990, -13.5419, 1.0000)>
MESH
Spikes_Platform.006
<Matrix 4x4 (  1.0000,  0.0000,   0.0000, 0.0000)
            (  0.0000,  1.0000,   0.0000, 0.0000)
            (  0.0000, -0.0000,   1.0000, 0.0000)
            (-27.3454,  0.8990, -13.5419, 1.0000)>
MESH
YellowBox.017
<Matrix 4x4 (  1.0000,  0.0000,   0.0000, 0.0000)
            (  0.0000,  1.0000,   0.0000, 0.0000)
            (  0.0000, -0.0000,   1.0000, 0.0000)
            (-26.4078,  4.2987, -13.5341, 1.0000)>
MESH
YellowBox.018
<Matrix 4x4 (  1.0000,  0.0000,   0.0000, 0.0000)
            (  0.0000,  1.0000,   0.0000, 0.0000)
            (  0.0000, -0.0000,   1.0000, 0.0000)
            (-27.4066,  4.2987, -13.5341, 1.0000)>
MESH
YellowBox.019
<Matrix 4x4 (  1.0000,  0.0000,   0.0000, 0.0000)
            (  0.0000,  1.0000,   0.0000, 0.0000)
            (  0.0000, -0.0000,   1.0000, 0.0000)
            (-20.3293,  5.4315, -13.5341, 1.0000)>
MESH
YellowBox.020
<Matrix 4x4 (  1.0000,  0.0000,   0.0000, 0.0000)
            (  0.0000,  1.0000,   0.0000, 0.0000)
            (  0.0000, -0.0000,   1.0000, 0.0000)
            (-23.3175,  5.4315, -13.5341, 1.0000)>
MESH
YellowBox.021
<Matrix 4x4 (  1.0000,  0.0000,   0.0000, 0.0000)
            (  0.0000,  1.0000,   0.0000, 0.0000)
            (  0.0000, -0.0000,   1.0000, 0.0000)
            (-17.1314,  5.4315, -13.5341, 1.0000)>
MESH
YellowBox.022
<Matrix 4x4 (  1.0000,  0.0000,   0.0000, 0.0000)
            (  0.0000,  1.0000,   0.0000, 0.0000)
            (  0.0000, -0.0000,   1.0000, 0.0000)
            (-15.0717,  2.9321, -13.5341, 1.0000)>
MESH
YellowBox.023
<Matrix 4x4 (  1.0000,  0.0000,   0.0000, 0.0000)
            (  0.0000,  1.0000,   0.0000, 0.0000)
            (  0.0000, -0.0000,   1.0000, 0.0000)
            (-14.0462,  2.9321, -13.5341, 1.0000)>
MESH
YellowBox.024
<Matrix 4x4 (  1.0000,  0.0000,   0.0000, 0.0000)
            (  0.0000,  1.0000,   0.0000, 0.0000)
            (  0.0000, -0.0000,   1.0000, 0.0000)
            (-13.4511,  6.6302, -13.5341, 1.0000)>
MESH
YellowBox.025
<Matrix 4x4 ( 1.0000,  0.0000,   0.0000, 0.0000)
            ( 0.0000,  1.0000,   0.0000, 0.0000)
            ( 0.0000, -0.0000,   1.0000, 0.0000)
            (-7.2188,  7.9286, -13.5341, 1.0000)>
MESH
YellowBox.027
<Matrix 4x4 ( 1.0000,  0.0000,   0.0000, 0.0000)
            ( 0.0000,  1.0000,   0.0000, 0.0000)
            ( 0.0000, -0.0000,   1.0000, 0.0000)
            (-9.2145,  7.9286, -13.5341, 1.0000)>
MESH
YellowBox.028
<Matrix 4x4 (  1.0000,  0.0000,   0.0000, 0.0000)
            (  0.0000,  1.0000,   0.0000, 0.0000)
            (  0.0000, -0.0000,   1.0000, 0.0000)
            (-10.2133,  7.9286, -13.5341, 1.0000)>
MESH
YellowBox.032
<Matrix 4x4 ( 1.0000,  0.0000,   0.0000, 0.0000)
            ( 0.0000,  1.0000,   0.0000, 0.0000)
            ( 0.0000, -0.0000,   1.0000, 0.0000)
            (-6.2837,  7.9286, -13.5341, 1.0000)>
MESH
YellowBox.033
<Matrix 4x4 (1.0000,  0.0000,   0.0000, 0.0000)
            (0.0000,  1.0000,   0.0000, 0.0000)
            (0.0000, -0.0000,   1.0000, 0.0000)
            (0.7086,  7.9286, -13.5341, 1.0000)>
MESH
YellowBox.034
<Matrix 4x4 ( 1.0000,  0.0000,   0.0000, 0.0000)
            ( 0.0000,  1.0000,   0.0000, 0.0000)
            ( 0.0000, -0.0000,   1.0000, 0.0000)
            (-0.2813,  7.9286, -13.5341, 1.0000)>
MESH
YellowBox.035
<Matrix 4x4 ( 1.0000,  0.0000,   0.0000, 0.0000)
            ( 0.0000,  1.0000,   0.0000, 0.0000)
            ( 0.0000, -0.0000,   1.0000, 0.0000)
            (-1.2872,  7.9286, -13.5341, 1.0000)>
MESH
YellowBox.036
<Matrix 4x4 ( 1.0000,  0.0000,   0.0000, 0.0000)
            ( 0.0000,  1.0000,   0.0000, 0.0000)
            ( 0.0000, -0.0000,   1.0000, 0.0000)
            (-2.2860,  7.9286, -13.5341, 1.0000)>
MESH
YellowBox.026
<Matrix 4x4 (1.0000,  0.0000,   0.0000, 0.0000)
            (0.0000,  1.0000,   0.0000, 0.0000)
            (0.0000, -0.0000,   1.0000, 0.0000)
            (4.7293,  9.2520, -13.5341, 1.0000)>
MESH
YellowBox.029
<Matrix 4x4 (1.0000,  0.0000,   0.0000, 0.0000)
            (0.0000,  1.0000,   0.0000, 0.0000)
            (0.0000, -0.0000,   1.0000, 0.0000)
            (3.7394,  9.2520, -13.5341, 1.0000)>
MESH
YellowBox.030
<Matrix 4x4 (1.0000,  0.0000,   0.0000, 0.0000)
            (0.0000,  1.0000,   0.0000, 0.0000)
            (0.0000, -0.0000,   1.0000, 0.0000)
            (8.8751,  9.2520, -13.5341, 1.0000)>
MESH
YellowBox.031
<Matrix 4x4 (1.0000,  0.0000,   0.0000, 0.0000)
            (0.0000,  1.0000,   0.0000, 0.0000)
            (0.0000, -0.0000,   1.0000, 0.0000)
            (7.8853,  9.2520, -13.5341, 1.0000)>
MESH
YellowBox.038
<Matrix 4x4 ( 1.0000,  0.0000,   0.0000, 0.0000)
            ( 0.0000,  1.0000,   0.0000, 0.0000)
            ( 0.0000, -0.0000,   1.0000, 0.0000)
            (11.6511,  9.2520, -13.5341, 1.0000)>
MESH
Spikes_Platform.007
<Matrix 4x4 (1.0000,  0.0000,   0.0000, 0.0000)
            (0.0000,  0.6549,   0.0000, 0.0000)
            (0.0000, -0.0000,   0.5640, 0.0000)
            (3.8731,  3.1516, -13.5419, 1.0000)>
MESH
Spike_Group.004
<Matrix 4x4 (-0.8882, -0.0012,  -0.0000, 0.0000)
            ( 0.0013, -1.0000,  -0.0000, 0.0000)
            (-0.0000, -0.0000,   1.0000, 0.0000)
            (29.6070,  4.7921, -13.3894, 1.0000)>
MESH
Spike_Group.005
<Matrix 4x4 (-0.8882, -0.0012,  -0.0000, 0.0000)
            ( 0.0013, -1.0000,  -0.0000, 0.0000)
            (-0.0000, -0.0000,   1.0000, 0.0000)
            (27.7129,  4.7896, -13.3894, 1.0000)>
MESH
Spike_Group.006
<Matrix 4x4 (-0.8882, -0.0012,  -0.0000, 0.0000)
            ( 0.0013, -1.0000,  -0.0000, 0.0000)
            (-0.0000, -0.0000,   1.0000, 0.0000)
            (25.8848,  4.7872, -13.3894, 1.0000)>
MESH
Platform_CenterMiddle.001
<Matrix 4x4 (33.2379, -0.0223,  -0.0000, 0.0000)
            ( 0.0005,  0.8167,   0.0000, 0.0000)
            ( 0.0000, -0.0000,   1.0000, 0.0000)
            (71.5684, -1.5826, -13.5240, 1.0000)>
MESH
Platform_TopMiddle.007
<Matrix 4x4 ( 4.7450,  0.0000,   0.0000, 0.0000)
            ( 0.0000,  1.0000,   0.0000, 0.0000)
            ( 0.0000, -0.0000,   1.0000, 0.0000)
            (51.6493,  7.6382, -13.5186, 1.0000)>
MESH
Platform_TopLeft.004
<Matrix 4x4 ( 1.0000,  0.0000,   0.0000, 0.0000)
            ( 0.0000,  1.0000,   0.0000, 0.0000)
            ( 0.0000, -0.0000,   1.0000, 0.0000)
            (45.8760,  7.6382, -13.5186, 1.0000)>
MESH
Platform_TopRight.003
<Matrix 4x4 ( 1.0000,  0.0000,   0.0000, 0.0000)
            ( 0.0000,  1.0000,   0.0000, 0.0000)
            ( 0.0000, -0.0000,   1.0000, 0.0000)
            (57.3927,  7.6382, -13.5186, 1.0000)>
MESH
Platform_CenterMiddle.003
<Matrix 4x4 ( 8.6622, -0.0058,  -0.0000, 0.0000)
            ( 0.0005,  0.8167,   0.0000, 0.0000)
            ( 0.0000, -0.0000,   1.0000, 0.0000)
            (66.2586,  7.4934, -13.5240, 1.0000)>
MESH
Platform_CenterMiddle.004
<Matrix 4x4 (19.6962, -0.0132,  -0.0000, 0.0000)
            ( 0.0037,  5.4661,   0.0000, 0.0000)
            ( 0.0000, -0.0000,   1.0000, 0.0000)
            (78.6276, 18.6877, -13.5240, 1.0000)>
MESH
Platform_BottomRight.001
<Matrix 4x4 ( 1.0000,  0.0000,   0.0000, 0.0000)
            ( 0.0000,  1.0000,   0.0000, 0.0000)
            ( 0.0000, -0.0000,   1.0000, 0.0000)
            (99.2915, 12.2585, -13.5240, 1.0000)>
MESH
Platform_BottomLeft.001
<Matrix 4x4 ( 1.0000,  0.0000,   0.0000, 0.0000)
            ( 0.0000,  1.0000,   0.0000, 0.0000)
            ( 0.0000, -0.0000,   1.0000, 0.0000)
            (57.9912, 12.3169, -13.5240, 1.0000)>
MESH
Platform_CenterLeft.002
<Matrix 4x4 ( 1.0000,  0.0000,   0.0000, 0.0000)
            ( 0.0000,  8.9680,   0.0000, 0.0000)
            ( 0.0000, -0.0000,   1.0000, 0.0000)
            (57.9510, 22.2980, -13.5406, 1.0000)>
MESH
Platform_CenterRight.001
<Matrix 4x4 ( 1.0000,  0.0000,   0.0000, 0.0000)
            ( 0.0000,  5.4522,   0.0000, 0.0000)
            ( 0.0000, -0.0000,   1.0000, 0.0000)
            (99.2915, 18.6954, -13.5240, 1.0000)>
MESH
Platform_BottomMiddle.001
<Matrix 4x4 (19.9290,  0.0000,   0.0000, 0.0000)
            ( 0.0000,  1.0000,   0.0000, 0.0000)
            ( 0.0000, -0.0000,   1.0000, 0.0000)
            (78.6276, 12.2994, -13.5240, 1.0000)>
MESH
Platform_CenterMiddle.005
<Matrix 4x4 ( 8.6622, -0.0058,  -0.0000, 0.0000)
            ( 0.0005,  0.8167,   0.0000, 0.0000)
            ( 0.0000, -0.0000,   1.0000, 0.0000)
            (82.0441,  4.9409, -13.5240, 1.0000)>
MESH
Platform_CenterMiddle.006
<Matrix 4x4 ( 0.7564, -0.0005,  -0.0000, 0.0000)
            ( 0.0010,  1.4452,   0.0000, 0.0000)
            ( 0.0000, -0.0000,   1.0000, 0.0000)
            (74.1404,  6.3269, -13.5240, 1.0000)>
MESH
Flag.001
<Matrix 4x4 ( 2.1825,  0.0000,   0.0000, 0.0000)
            ( 0.0000,  2.1825,   0.0000, 0.0000)
            ( 0.0000, -0.0000,   2.1825, 0.0000)
            (99.6752, -0.7096, -13.5240, 1.0000)>
CAMERA
MainCamera
<Matrix 4x4 (  0.0000, 0.0000,  -1.0000, 0.0000)
            ( -0.0000, 1.0000,  -0.0000, 0.0000)
            (  1.0000, 0.0000,   0.0000, 0.0000)
            (-47.3093, 4.0000, -13.8496, 1.0000)>
CAMERA
SideViewCamera
<Matrix 4x4 (  1.0000, 0.0000,   0.0000, 0.0000)
            (  0.0000, 1.0000,  -0.0000, 0.0000)
            (  0.0000, 0.0000,   1.0000, 0.0000)
            (-25.0000, 7.9093, -75.7936, 1.0000)>
CAMERA
TopDownCamera
<Matrix 4x4 (  1.0000,  0.0000,   0.0000, 0.0000)
            (  0.0000,  0.0000,   1.0000, 0.0000)
            (  0.0000, -1.0000,   0.0000, 0.0000)
            (-25.0000, 75.0000, -15.0929, 1.0000)>
