# Game Level Exporter v1.0
MESH
YellowBox
<Matrix 4x4 (  1.0000,  0.0000, 0.0000, 0.0000)
            (  0.0000,  1.0000, 0.0000, 0.0000)
            (  0.0000, -0.0000, 1.0000, 0.0000)
            (-94.6219,  1.1729, 0.0000, 1.0000)>
MESH
Tree4
<Matrix 4x4 (  1.0000,  0.0000, 0.0000, 0.0000)
            (  0.0000,  1.0000, 0.0000, 0.0000)
            (  0.0000, -0.0000, 1.0000, 0.0000)
            (-62.4401,  0.0000, 0.0000, 1.0000)>
MESH
Tree3
<Matrix 4x4 (  1.0000,  0.0000, 0.0000, 0.0000)
            (  0.0000,  1.0000, 0.0000, 0.0000)
            (  0.0000, -0.0000, 1.0000, 0.0000)
            (-58.0194,  0.0000, 0.0000, 1.0000)>
MESH
Tree2
<Matrix 4x4 (  1.0000,  0.0000, 0.0000, 0.0000)
            (  0.0000,  1.0000, 0.0000, 0.0000)
            (  0.0000, -0.0000, 1.0000, 0.0000)
            (-71.2394,  0.0000, 0.0000, 1.0000)>
MESH
Tree1
<Matrix 4x4 (  1.0000,  0.0000, 0.0000, 0.0000)
            (  0.0000,  1.0000, 0.0000, 0.0000)
            (  0.0000, -0.0000, 1.0000, 0.0000)
            (-67.4957,  0.0000, 0.0000, 1.0000)>
MESH
Star
<Matrix 4x4 (  1.0000,  0.0000, 0.0000, 0.0000)
            (  0.0000,  1.0000, 0.0000, 0.0000)
            (  0.0000, -0.0000, 1.0000, 0.0000)
            (-89.5408,  0.7748, 0.0000, 1.0000)>
MESH
Spikes_Platform
<Matrix 4x4 (  1.0000,  0.0000, 0.0000, 0.0000)
            (  0.0000,  1.0000, 0.0000, 0.0000)
            (  0.0000, -0.0000, 1.0000, 0.0000)
            (-80.1437,  0.0000, 0.0000, 1.0000)>
MESH
Spike_Single
<Matrix 4x4 (  1.0000,  0.0000, 0.0000, 0.0000)
            (  0.0000,  1.0000, 0.0000, 0.0000)
            (  0.0000, -0.0000, 1.0000, 0.0000)
            (-75.8947,  0.0000, 0.0000, 1.0000)>
MESH
Spike_Group
<Matrix 4x4 (  1.0000,  0.0000, 0.0000, 0.0000)
            (  0.0000,  1.0000, 0.0000, 0.0000)
            (  0.0000, -0.0000, 1.0000, 0.0000)
            (-74.1394,  0.0000, 0.0000, 1.0000)>
MESH
Rock4
<Matrix 4x4 (  1.0000,  0.0000, 0.0000, 0.0000)
            (  0.0000,  1.0000, 0.0000, 0.0000)
            (  0.0000, -0.0000, 1.0000, 0.0000)
            (-81.9725,  0.0000, 0.0000, 1.0000)>
MESH
Platform_TopRight
<Matrix 4x4 (   1.0000,  0.0000, 0.0000, 0.0000)
            (   0.0000,  1.0000, 0.0000, 0.0000)
            (   0.0000, -0.0000, 1.0000, 0.0000)
            (-114.2891,  0.0000, 0.0000, 1.0000)>
MESH
Platform_TopMiddle
<Matrix 4x4 (   1.0000,  0.0000, 0.0000, 0.0000)
            (   0.0000,  1.0000, 0.0000, 0.0000)
            (   0.0000, -0.0000, 1.0000, 0.0000)
            (-116.9778, -0.0000, 0.0970, 1.0000)>
MESH
Platform_TopLeft
<Matrix 4x4 (   1.0000,  0.0000, 0.0000, 0.0000)
            (   0.0000,  1.0000, 0.0000, 0.0000)
            (   0.0000, -0.0000, 1.0000, 0.0000)
            (-119.6957,  0.0000, 0.0000, 1.0000)>
MESH
Platform_CenterRight
<Matrix 4x4 (   1.0000,  0.0000, 0.0000, 0.0000)
            (   0.0000,  1.0000, 0.0000, 0.0000)
            (   0.0000, -0.0000, 1.0000, 0.0000)
            (-104.6100,  0.0000, 0.0000, 1.0000)>
MESH
Platform_CenterMiddle
<Matrix 4x4 (  1.0000,  0.0000, 0.0000, 0.0000)
            (  0.0000,  1.0000, 0.0000, 0.0000)
            (  0.0000, -0.0000, 1.0000, 0.0000)
            (-99.7477,  0.0000, 0.0000, 1.0000)>
MESH
Platform_CenterLeft
<Matrix 4x4 (   1.0000,  0.0000, 0.0000, 0.0000)
            (   0.0000,  1.0000, 0.0000, 0.0000)
            (   0.0000, -0.0000, 1.0000, 0.0000)
            (-107.2941,  0.0000, 0.0000, 1.0000)>
MESH
Platform_BottomRight
<Matrix 4x4 (   1.0000,  0.0000, 0.0000, 0.0000)
            (   0.0000,  1.0000, 0.0000, 0.0000)
            (   0.0000, -0.0000, 1.0000, 0.0000)
            (-109.4088,  0.0000, 0.0000, 1.0000)>
MESH
Platform_BottomMiddle
<Matrix 4x4 (   1.0000,  0.0000, 0.0000, 0.0000)
            (   0.0000,  1.0000, 0.0000, 0.0000)
            (   0.0000, -0.0000, 1.0000, 0.0000)
            (-102.2533,  0.0000, 0.0000, 1.0000)>
MESH
Platform_BottomLeft
<Matrix 4x4 (   1.0000,  0.0000, 0.0000, 0.0000)
            (   0.0000,  1.0000, 0.0000, 0.0000)
            (   0.0000, -0.0000, 1.0000, 0.0000)
            (-112.2058,  0.0000, 0.0000, 1.0000)>
MESH
Grass2
<Matrix 4x4 (  1.0000,  0.0000,  0.0000, 0.0000)
            (  0.0000,  1.0000,  0.0000, 0.0000)
            (  0.0000, -0.0000,  1.0000, 0.0000)
            (-83.9733,  0.1850, -0.1625, 1.0000)>
MESH
Grass1
<Matrix 4x4 (  1.0000,  0.0000, 0.0000, 0.0000)
            (  0.0000,  1.0000, 0.0000, 0.0000)
            (  0.0000, -0.0000, 1.0000, 0.0000)
            (-83.9785,  0.0000, 0.0000, 1.0000)>
MESH
Grass
<Matrix 4x4 (  1.0000,  0.0000, 0.0000, 0.0000)
            (  0.0000,  1.0000, 0.0000, 0.0000)
            (  0.0000, -0.0000, 1.0000, 0.0000)
            (-85.4621,  0.0000, 0.0000, 1.0000)>
MESH
Flag
<Matrix 4x4 (  1.0000,  0.0000, 0.0000, 0.0000)
            (  0.0000,  1.0000, 0.0000, 0.0000)
            (  0.0000, -0.0000, 1.0000, 0.0000)
            (-93.1254,  0.0000, 0.0000, 1.0000)>
MESH
Crate
<Matrix 4x4 (  1.0000,  0.0000, 0.0000, 0.0000)
            (  0.0000,  1.0000, 0.0000, 0.0000)
            (  0.0000, -0.0000, 1.0000, 0.0000)
            (-87.7345,  1.0611, 0.0000, 1.0000)>
MESH
Coin
<Matrix 4x4 (  1.0000,  0.0000, 0.0000, 0.0000)
            (  0.0000,  1.0000, 0.0000, 0.0000)
            (  0.0000, -0.0000, 1.0000, 0.0000)
            (-91.4668,  0.6520, 0.0183, 1.0000)>
MESH
Platform_TopMiddle.001
<Matrix 4x4 (  8.4454,  0.0000,   0.0000, 0.0000)
            (  0.0000,  1.0000,   0.0000, 0.0000)
            (  0.0000, -0.0000,   1.0000, 0.0000)
            (-39.7735,  0.0000, -13.5150, 1.0000)>
MESH
Platform_TopMiddle.002
<Matrix 4x4 (  8.4454,  0.0000,   0.0000, 0.0000)
            (  0.0000,  1.0000,   0.0000, 0.0000)
            (  0.0000, -0.0000,   1.0000, 0.0000)
            (-22.9878,  0.0000, -13.5150, 1.0000)>
MESH
Platform_TopMiddle.003
<Matrix 4x4 ( 8.4454,  0.0000,   0.0000, 0.0000)
            ( 0.0000,  1.0000,   0.0000, 0.0000)
            ( 0.0000, -0.0000,   1.0000, 0.0000)
            (-6.1962,  0.0000, -13.5150, 1.0000)>
MESH
Platform_TopMiddle.004
<Matrix 4x4 ( 8.4454,  0.0000,   0.0000, 0.0000)
            ( 0.0000,  1.0000,   0.0000, 0.0000)
            ( 0.0000, -0.0000,   1.0000, 0.0000)
            (10.5253,  0.0000, -13.5150, 1.0000)>
MESH
Spike_Group.001
<Matrix 4x4 ( 1.0000,  0.0000,   0.0000, 0.0000)
            ( 0.0000,  1.0000,   0.0000, 0.0000)
            ( 0.0000, -0.0000,   1.0000, 0.0000)
            (17.6134,  0.7464, -13.3894, 1.0000)>
MESH
Platform_CenterMiddle.002
<Matrix 4x4 ( 9.1681, -0.7348,  -0.0000, 0.0000)
            ( 0.0652,  0.8141,   0.0000, 0.0000)
            ( 0.0000, -0.0000,   1.0000, 0.0000)
            (29.4090, -0.8337, -13.5240, 1.0000)>
MESH
Spike_Group.002
<Matrix 4x4 ( 0.9949, -0.1009,  -0.0000, 0.0000)
            ( 0.1009,  0.9949,   0.0000, 0.0000)
            ( 0.0000, -0.0000,   1.0000, 0.0000)
            (21.9712,  0.5049, -13.3894, 1.0000)>
MESH
Platform_TopLeft.001
<Matrix 4x4 ( 1.0000,  0.0000,   0.0000, 0.0000)
            ( 0.0000,  1.0000,   0.0000, 0.0000)
            ( 0.0000, -0.0000,   1.0000, 0.0000)
            (19.5096,  5.7392, -13.5186, 1.0000)>
MESH
Platform_CenterLeft.001
<Matrix 4x4 ( 1.0000,  0.0000,   0.0000, 0.0000)
            ( 0.0000,  2.8976,   0.0000, 0.0000)
            ( 0.0000, -0.0000,   1.0000, 0.0000)
            (19.5171,  1.8707, -13.5406, 1.0000)>
MESH
Tree1.001
<Matrix 4x4 ( 1.0000,  0.0000,   0.0000, 0.0000)
            ( 0.0000,  1.0000,   0.0000, 0.0000)
            ( 0.0000, -0.0000,   1.0000, 0.0000)
            (14.2440,  0.8826, -13.4950, 1.0000)>
MESH
YellowBox.001
<Matrix 4x4 ( 1.0000,  0.0000,   0.0000, 0.0000)
            ( 0.0000,  1.0000,   0.0000, 0.0000)
            ( 0.0000, -0.0000,   1.0000, 0.0000)
            (10.7197,  4.1283, -13.5341, 1.0000)>
MESH
YellowBox.002
<Matrix 4x4 (1.0000,  0.0000,   0.0000, 0.0000)
            (0.0000,  1.0000,   0.0000, 0.0000)
            (0.0000, -0.0000,   1.0000, 0.0000)
            (9.7298,  4.1283, -13.5341, 1.0000)>
MESH
YellowBox.003
<Matrix 4x4 (1.0000,  0.0000,   0.0000, 0.0000)
            (0.0000,  1.0000,   0.0000, 0.0000)
            (0.0000, -0.0000,   1.0000, 0.0000)
            (8.7239,  4.1283, -13.5341, 1.0000)>
MESH
YellowBox.004
<Matrix 4x4 (1.0000,  0.0000,   0.0000, 0.0000)
            (0.0000,  1.0000,   0.0000, 0.0000)
            (0.0000, -0.0000,   1.0000, 0.0000)
            (7.7252,  4.1283, -13.5341, 1.0000)>
MESH
YellowBox.005
<Matrix 4x4 (1.0000,  0.0000,   0.0000, 0.0000)
            (0.0000,  1.0000,   0.0000, 0.0000)
            (0.0000, -0.0000,   1.0000, 0.0000)
            (5.3122,  2.8058, -13.5341, 1.0000)>
MESH
YellowBox.007
<Matrix 4x4 (1.8894,  0.0000,   0.0000, 0.0000)
            (0.0000,  1.0000,   0.0000, 0.0000)
            (0.0000, -0.0000,   1.0000, 0.0000)
            (3.8600,  2.8058, -13.5341, 1.0000)>
MESH
YellowBox.008
<Matrix 4x4 (1.0000,  0.0000,   0.0000, 0.0000)
            (0.0000,  1.0000,   0.0000, 0.0000)
            (0.0000, -0.0000,   1.0000, 0.0000)
            (2.4293,  2.8058, -13.5341, 1.0000)>
MESH
YellowBox.009
<Matrix 4x4 ( 1.0000,  0.0000,   0.0000, 0.0000)
            ( 0.0000,  1.0000,   0.0000, 0.0000)
            ( 0.0000, -0.0000,   1.0000, 0.0000)
            (-0.2021,  4.2987, -13.5341, 1.0000)>
MESH
YellowBox.010
<Matrix 4x4 ( 1.0000,  0.0000,   0.0000, 0.0000)
            ( 0.0000,  1.0000,   0.0000, 0.0000)
            ( 0.0000, -0.0000,   1.0000, 0.0000)
            (-1.1920,  4.2987, -13.5341, 1.0000)>
MESH
YellowBox.011
<Matrix 4x4 ( 1.0000,  0.0000,   0.0000, 0.0000)
            ( 0.0000,  1.0000,   0.0000, 0.0000)
            ( 0.0000, -0.0000,   1.0000, 0.0000)
            (-2.1979,  4.2987, -13.5341, 1.0000)>
MESH
YellowBox.012
<Matrix 4x4 ( 1.0000,  0.0000,   0.0000, 0.0000)
            ( 0.0000,  1.0000,   0.0000, 0.0000)
            ( 0.0000, -0.0000,   1.0000, 0.0000)
            (-3.1967,  4.2987, -13.5341, 1.0000)>
MESH
YellowBox.013
<Matrix 4x4 ( 1.0000,  0.0000,   0.0000, 0.0000)
            ( 0.0000,  1.0000,   0.0000, 0.0000)
            ( 0.0000, -0.0000,   1.0000, 0.0000)
            (-5.5022,  2.7833, -13.5341, 1.0000)>
MESH
YellowBox.014
<Matrix 4x4 ( 1.0000,  0.0000,   0.0000, 0.0000)
            ( 0.0000,  1.0000,   0.0000, 0.0000)
            ( 0.0000, -0.0000,   1.0000, 0.0000)
            (-6.5010,  2.7833, -13.5341, 1.0000)>
MESH
YellowBox.015
<Matrix 4x4 ( 1.0000,  0.0000,   0.0000, 0.0000)
            ( 0.0000,  1.0000,   0.0000, 0.0000)
            ( 0.0000, -0.0000,   1.0000, 0.0000)
            (-9.3518,  1.4640, -13.5341, 1.0000)>
MESH
YellowBox.016
<Matrix 4x4 (  1.0000,  0.0000,   0.0000, 0.0000)
            (  0.0000,  1.0000,   0.0000, 0.0000)
            (  0.0000, -0.0000,   1.0000, 0.0000)
            (-10.3506,  1.4640, -13.5341, 1.0000)>
MESH
Spike_Group.003
<Matrix 4x4 ( 1.0000,  0.0000,   0.0000, 0.0000)
            ( 0.0000,  1.0000,   0.0000, 0.0000)
            ( 0.0000, -0.0000,   1.0000, 0.0000)
            (-4.3118,  0.0500, -13.3894, 1.0000)>
MESH
Platform_TopMiddle.005
<Matrix 4x4 ( 0.8722,  0.4892,   0.0000, 0.0000)
            (-0.4892,  0.8722,   0.0000, 0.0000)
            ( 0.0000, -0.0000,   1.0000, 0.0000)
            (27.4518,  6.8801, -13.5186, 1.0000)>
MESH
Platform_TopLeft.002
<Matrix 4x4 ( 0.8722,  0.4892,   0.0000, 0.0000)
            (-0.4892,  0.8722,   0.0000, 0.0000)
            ( 0.0000, -0.0000,   1.0000, 0.0000)
            (25.7019,  5.8986, -13.5186, 1.0000)>
MESH
Platform_TopRight.001
<Matrix 4x4 ( 0.8722,  0.4892,   0.0000, 0.0000)
            (-0.4892,  0.8722,   0.0000, 0.0000)
            ( 0.0000, -0.0000,   1.0000, 0.0000)
            (29.1978,  7.8593, -13.5186, 1.0000)>
MESH
Platform_TopMiddle.006
<Matrix 4x4 ( 1.0000,  0.0000,   0.0000, 0.0000)
            ( 0.0000,  1.0000,   0.0000, 0.0000)
            ( 0.0000, -0.0000,   1.0000, 0.0000)
            (35.9669,  8.3337, -13.5186, 1.0000)>
MESH
Platform_TopLeft.003
<Matrix 4x4 ( 1.0000,  0.0000,   0.0000, 0.0000)
            ( 0.0000,  1.0000,   0.0000, 0.0000)
            ( 0.0000, -0.0000,   1.0000, 0.0000)
            (33.9605,  8.3337, -13.5186, 1.0000)>
MESH
Platform_TopRight.002
<Matrix 4x4 ( 1.0000,  0.0000,   0.0000, 0.0000)
            ( 0.0000,  1.0000,   0.0000, 0.0000)
            ( 0.0000, -0.0000,   1.0000, 0.0000)
            (37.9687,  8.3337, -13.5186, 1.0000)>
MESH
Spikes_Platform.001
<Matrix 4x4 (  1.0000,  0.0000,   0.0000, 0.0000)
            (  0.0000,  1.0000,   0.0000, 0.0000)
            (  0.0000, -0.0000,   1.0000, 0.0000)
            (-18.8241,  0.8990, -13.5419, 1.0000)>
MESH
Spikes_Platform.002
<Matrix 4x4 (  1.0000,  0.0000,   0.0000, 0.0000)
            (  0.0000,  1.0000,   0.0000, 0.0000)
            (  0.0000, -0.0000,   1.0000, 0.0000)
            (-20.5332,  0.8990, -13.5419, 1.0000)>
MESH
Spikes_Platform.003
<Matrix 4x4 (  1.0000,  0.0000,   0.0000, 0.0000)
            (  0.0000,  1.0000,   0.0000, 0.0000)
            (  0.0000, -0.0000,   1.0000, 0.0000)
            (-22.2307,  0.8990, -13.5419, 1.0000)>
MESH
Spikes_Platform.004
<Matrix 4x4 (  1.0000,  0.0000,   0.0000, 0.0000)
            (  0.0000,  1.0000,   0.0000, 0.0000)
            (  0.0000, -0.0000,   1.0000, 0.0000)
            (-23.9536,  0.8990, -13.5419, 1.0000)>
MESH
Spikes_Platform.005
<Matrix 4x4 (  1.0000,  0.0000,   0.0000, 0.0000)
            (  0.0000,  1.0000,   0.0000, 0.0000)
            (  0.0000, -0.0000,   1.0000, 0.0000)
            (-25.6508,  0.8990, -13.5419, 1.0000)>
MESH
Spikes_Platform.006
<Matrix 4x4 (  1.0000,  0.0000,   0.0000, 0.0000)
            (  0.0000,  1.0000,   0.0000, 0.0000)
            (  0.0000, -0.0000,   1.0000, 0.0000)
            (-27.3454,  0.8990, -13.5419, 1.0000)>
MESH
YellowBox.017
<Matrix 4x4 (  1.0000,  0.0000,   0.0000, 0.0000)
            (  0.0000,  1.0000,   0.0000, 0.0000)
            (  0.0000, -0.0000,   1.0000, 0.0000)
            (-26.4078,  4.2987, -13.5341, 1.0000)>
MESH
YellowBox.018
<Matrix 4x4 (  1.0000,  0.0000,   0.0000, 0.0000)
            (  0.0000,  1.0000,   0.0000, 0.0000)
            (  0.0000, -0.0000,   1.0000, 0.0000)
            (-27.4066,  4.2987, -13.5341, 1.0000)>
MESH
YellowBox.022
<Matrix 4x4 (  1.0000,  0.0000,   0.0000, 0.0000)
            (  0.0000,  1.0000,   0.0000, 0.0000)
            (  0.0000, -0.0000,   1.0000, 0.0000)
            (-15.0717,  2.9321, -13.5341, 1.0000)>
MESH
YellowBox.023
<Matrix 4x4 (  1.0000,  0.0000,   0.0000, 0.0000)
            (  0.0000,  1.0000,   0.0000, 0.0000)
            (  0.0000, -0.0000,   1.0000, 0.0000)
            (-14.0462,  2.9321, -13.5341, 1.0000)>
MESH
Spikes_Platform.007
<Matrix 4x4 (1.0000,  0.0000,   0.0000, 0.0000)
            (0.0000,  0.6549,   0.0000, 0.0000)
            (0.0000, -0.0000,   0.5640, 0.0000)
            (3.8731,  3.1516, -13.5419, 1.0000)>
MESH
Spike_Group.004
<Matrix 4x4 (-0.7741, -0.4355,  -0.0000, 0.0000)
            ( 0.4903, -0.8715,  -0.0000, 0.0000)
            ( 0.0000, -0.0000,   1.0000, 0.0000)
            (29.5952,  6.9964, -13.3894, 1.0000)>
MESH
Spike_Group.005
<Matrix 4x4 (-0.7741, -0.4355,  -0.0000, 0.0000)
            ( 0.4903, -0.8715,  -0.0000, 0.0000)
            ( 0.0000, -0.0000,   1.0000, 0.0000)
            (27.9444,  6.0676, -13.3894, 1.0000)>
MESH
Spike_Group.006
<Matrix 4x4 (-0.7741, -0.4355,  -0.0000, 0.0000)
            ( 0.4903, -0.8715,  -0.0000, 0.0000)
            ( 0.0000, -0.0000,   1.0000, 0.0000)
            (26.3512,  5.1713, -13.3894, 1.0000)>
MESH
Platform_CenterMiddle.001
<Matrix 4x4 (33.2379, -0.0223,  -0.0000, 0.0000)
            ( 0.0005,  0.8167,   0.0000, 0.0000)
            ( 0.0000, -0.0000,   1.0000, 0.0000)
            (71.5684, -1.5826, -13.5240, 1.0000)>
MESH
Platform_TopMiddle.007
<Matrix 4x4 ( 4.3725,  1.8431,   0.0000, 0.0000)
            (-0.3884,  0.9215,   0.0000, 0.0000)
            ( 0.0000, -0.0000,   1.0000, 0.0000)
            (48.6093, 11.5191, -13.5186, 1.0000)>
MESH
Platform_TopLeft.004
<Matrix 4x4 ( 0.9215,  0.3884,   0.0000, 0.0000)
            (-0.3884,  0.9215,   0.0000, 0.0000)
            ( 0.0000, -0.0000,   1.0000, 0.0000)
            (43.2892,  9.2767, -13.5186, 1.0000)>
MESH
Platform_TopRight.003
<Matrix 4x4 ( 0.9215,  0.3884,   0.0000, 0.0000)
            (-0.3884,  0.9215,   0.0000, 0.0000)
            ( 0.0000, -0.0000,   1.0000, 0.0000)
            (53.9017, 13.7500, -13.5186, 1.0000)>
MESH
Platform_CenterMiddle.003
<Matrix 4x4 ( 3.6864,  1.5509,  -0.0000, 0.0000)
            (-0.2938,  0.6984,   0.0000, 0.0000)
            ( 0.0000, -0.0000,   1.0000, 0.0000)
            (58.1763, 15.3978, -13.5240, 1.0000)>
MESH
Platform_CenterMiddle.004
<Matrix 4x4 (19.6962, -0.0132,  -0.0000, 0.0000)
            ( 0.0037,  5.4661,   0.0000, 0.0000)
            ( 0.0000, -0.0000,   1.0000, 0.0000)
            (78.6276, 27.9067, -13.5240, 1.0000)>
MESH
Platform_BottomRight.001
<Matrix 4x4 ( 1.0000,  0.0000,   0.0000, 0.0000)
            ( 0.0000,  1.0000,   0.0000, 0.0000)
            ( 0.0000, -0.0000,   1.0000, 0.0000)
            (99.2915, 21.4222, -13.5240, 1.0000)>
MESH
Platform_BottomLeft.001
<Matrix 4x4 ( 1.0000,  0.0000,   0.0000, 0.0000)
            ( 0.0000,  1.0000,   0.0000, 0.0000)
            ( 0.0000, -0.0000,   1.0000, 0.0000)
            (57.9912, 21.4806, -13.5240, 1.0000)>
MESH
Platform_CenterLeft.002
<Matrix 4x4 ( 1.0000,  0.0000,   0.0000, 0.0000)
            ( 0.0000,  8.9680,   0.0000, 0.0000)
            ( 0.0000, -0.0000,   1.0000, 0.0000)
            (57.9510, 31.1305, -13.5406, 1.0000)>
MESH
Platform_CenterRight.001
<Matrix 4x4 ( 1.0000,  0.0000,   0.0000, 0.0000)
            ( 0.0000,  5.4522,   0.0000, 0.0000)
            ( 0.0000, -0.0000,   1.0000, 0.0000)
            (99.2915, 27.8592, -13.5240, 1.0000)>
MESH
Platform_BottomMiddle.001
<Matrix 4x4 (19.9290,  0.0000,   0.0000, 0.0000)
            ( 0.0000,  1.0000,   0.0000, 0.0000)
            ( 0.0000, -0.0000,   1.0000, 0.0000)
            (78.6276, 21.4631, -13.5240, 1.0000)>
MESH
Platform_CenterMiddle.005
<Matrix 4x4 ( 8.6622,  0.0000,  -0.0000, 0.0000)
            ( 0.0000,  0.0000,   0.8167, 0.0000)
            ( 0.0000, -1.0000,   0.0000, 0.0000)
            (82.0441,  4.9409, -13.5240, 1.0000)>
MESH
Platform_CenterMiddle.006
<Matrix 4x4 ( 0.7564, -0.0005,  -0.0000, 0.0000)
            ( 0.0035,  5.1961,   0.0000, 0.0000)
            ( 0.0000, -0.0000,   1.0000, 0.0000)
            (74.1404, 10.7983, -13.5240, 1.0000)>
MESH
Flag.001
<Matrix 4x4 ( 2.1825,  0.0000,   0.0000, 0.0000)
            ( 0.0000,  2.1825,   0.0000, 0.0000)
            ( 0.0000, -0.0000,   2.1825, 0.0000)
            (99.6752, -0.7096, -13.5240, 1.0000)>
CAMERA
MainCamera
<Matrix 4x4 (  0.0000, 0.0000,  -1.0000, 0.0000)
            ( -0.0000, 1.0000,  -0.0000, 0.0000)
            (  1.0000, 0.0000,   0.0000, 0.0000)
            (-47.3093, 4.0000, -13.8496, 1.0000)>
CAMERA
SideViewCamera
<Matrix 4x4 (  1.0000, 0.0000,   0.0000, 0.0000)
            (  0.0000, 1.0000,  -0.0000, 0.0000)
            (  0.0000, 0.0000,   1.0000, 0.0000)
            (-25.0000, 7.9093, -75.7936, 1.0000)>
CAMERA
TopDownCamera
<Matrix 4x4 (  1.0000,  0.0000,   0.0000, 0.0000)
            (  0.0000,  0.0000,   1.0000, 0.0000)
            (  0.0000, -1.0000,   0.0000, 0.0000)
            (-25.0000, 75.0000, -15.0929, 1.0000)>
MESH
Platform_CenterMiddle.007
<Matrix 4x4 (19.6192, -0.0132,  -0.0000, 0.0000)
            ( 0.0005,  0.8167,   0.0000, 0.0000)
            ( 0.0000, -0.0000,   1.0000, 0.0000)
            (80.9400, 16.6992, -13.5240, 1.0000)>
MESH
Spike_Group.007
<Matrix 4x4 ( 1.0000,  0.0000,   0.0000, 0.0000)
            ( 0.0000,  1.0000,   0.0000, 0.0000)
            ( 0.0000, -0.0000,   1.0000, 0.0000)
            (40.7987, -0.9097, -13.3894, 1.0000)>
MESH
Spike_Group.008
<Matrix 4x4 ( 1.0000,  0.0000,   0.0000, 0.0000)
            ( 0.0000,  1.0000,   0.0000, 0.0000)
            ( 0.0000, -0.0000,   1.0000, 0.0000)
            (42.7308, -0.9097, -13.3894, 1.0000)>
MESH
Spike_Group.009
<Matrix 4x4 ( 1.0000,  0.0000,   0.0000, 0.0000)
            ( 0.0000,  1.0000,   0.0000, 0.0000)
            ( 0.0000, -0.0000,   1.0000, 0.0000)
            (44.7733, -0.9097, -13.3894, 1.0000)>
MESH
Spike_Group.010
<Matrix 4x4 ( 1.0000,  0.0000,   0.0000, 0.0000)
            ( 0.0000,  1.0000,   0.0000, 0.0000)
            ( 0.0000, -0.0000,   1.0000, 0.0000)
            (60.3958, -0.9097, -13.3894, 1.0000)>
MESH
Spike_Group.011
<Matrix 4x4 ( 1.0000,  0.0000,   0.0000, 0.0000)
            ( 0.0000,  1.0000,   0.0000, 0.0000)
            ( 0.0000, -0.0000,   1.0000, 0.0000)
            (58.3533, -0.9097, -13.3894, 1.0000)>
MESH
Spike_Group.012
<Matrix 4x4 ( 1.0000,  0.0000,   0.0000, 0.0000)
            ( 0.0000,  1.0000,   0.0000, 0.0000)
            ( 0.0000, -0.0000,   1.0000, 0.0000)
            (56.4212, -0.9097, -13.3894, 1.0000)>
MESH
Spike_Group.013
<Matrix 4x4 ( 1.0000,  0.0000,   0.0000, 0.0000)
            ( 0.0000,  1.0000,   0.0000, 0.0000)
            ( 0.0000, -0.0000,   1.0000, 0.0000)
            (66.4130, -0.9097, -13.3894, 1.0000)>
MESH
Spike_Group.014
<Matrix 4x4 ( 1.0000,  0.0000,   0.0000, 0.0000)
            ( 0.0000,  1.0000,   0.0000, 0.0000)
            ( 0.0000, -0.0000,   1.0000, 0.0000)
            (68.3451, -0.9097, -13.3894, 1.0000)>
MESH
Spike_Group.015
<Matrix 4x4 ( 1.0000,  0.0000,   0.0000, 0.0000)
            ( 0.0000,  1.0000,   0.0000, 0.0000)
            ( 0.0000, -0.0000,   1.0000, 0.0000)
            (70.3876, -0.9097, -13.3894, 1.0000)>
MESH
YellowBox.006
<Matrix 4x4 (  1.0000,  0.0000,   0.0000, 0.0000)
            (  0.0000,  1.0000,   0.0000, 0.0000)
            (  0.0000, -0.0000,   1.0000, 0.0000)
            (-25.4619,  4.2987, -13.5341, 1.0000)>
MESH
YellowBox.019
<Matrix 4x4 (  1.0000,  0.0000,   0.0000, 0.0000)
            (  0.0000,  1.0000,   0.0000, 0.0000)
            (  0.0000, -0.0000,   1.0000, 0.0000)
            (-24.4632,  4.2987, -13.5341, 1.0000)>
MESH
YellowBox.020
<Matrix 4x4 (  1.0000,  0.0000,   0.0000, 0.0000)
            (  0.0000,  1.0000,   0.0000, 0.0000)
            (  0.0000, -0.0000,   1.0000, 0.0000)
            (-23.4573,  4.2987, -13.5341, 1.0000)>
MESH
YellowBox.021
<Matrix 4x4 (  1.0000,  0.0000,   0.0000, 0.0000)
            (  0.0000,  1.0000,   0.0000, 0.0000)
            (  0.0000, -0.0000,   1.0000, 0.0000)
            (-22.4674,  4.2987, -13.5341, 1.0000)>
MESH
YellowBox.024
<Matrix 4x4 (  0.8483,  0.5295,   0.0000, 0.0000)
            ( -0.5295,  0.8483,   0.0000, 0.0000)
            (  0.0000, -0.0000,   1.0000, 0.0000)
            (-14.2406,  8.1863, -13.5341, 1.0000)>
MESH
YellowBox.025
<Matrix 4x4 (  0.8483,  0.5295,   0.0000, 0.0000)
            ( -0.5295,  0.8483,   0.0000, 0.0000)
            (  0.0000, -0.0000,   1.0000, 0.0000)
            (-15.0803,  7.6621, -13.5341, 1.0000)>
MESH
YellowBox.026
<Matrix 4x4 (  0.8483,  0.5295,   0.0000, 0.0000)
            ( -0.5295,  0.8483,   0.0000, 0.0000)
            (  0.0000, -0.0000,   1.0000, 0.0000)
            (-15.9336,  7.1295, -13.5341, 1.0000)>
MESH
YellowBox.027
<Matrix 4x4 (  0.8483,  0.5295,   0.0000, 0.0000)
            ( -0.5295,  0.8483,   0.0000, 0.0000)
            (  0.0000, -0.0000,   1.0000, 0.0000)
            (-18.4306,  5.5709, -13.5341, 1.0000)>
MESH
YellowBox.028
<Matrix 4x4 (  0.8483,  0.5295,   0.0000, 0.0000)
            ( -0.5295,  0.8483,   0.0000, 0.0000)
            (  0.0000, -0.0000,   1.0000, 0.0000)
            (-17.5833,  6.0997, -13.5341, 1.0000)>
MESH
YellowBox.029
<Matrix 4x4 (  0.8483,  0.5295,   0.0000, 0.0000)
            ( -0.5295,  0.8483,   0.0000, 0.0000)
            (  0.0000, -0.0000,   1.0000, 0.0000)
            (-16.7809,  6.6006, -13.5341, 1.0000)>
MESH
YellowBox.030
<Matrix 4x4 (-0.0069,  1.0000,   0.0000, 0.0000)
            (-1.0000, -0.0069,   0.0000, 0.0000)
            ( 0.0000,  0.0000,   1.0000, 0.0000)
            (-9.8057,  4.2868, -13.5341, 1.0000)>
MESH
YellowBox.033
<Matrix 4x4 (-0.0069,  1.0000,   0.0000, 0.0000)
            (-1.0000, -0.0069,   0.0000, 0.0000)
            ( 0.0000,  0.0000,   1.0000, 0.0000)
            (-9.8125,  5.2856, -13.5341, 1.0000)>
MESH
YellowBox.034
<Matrix 4x4 (-0.0069,  1.0000,   0.0000, 0.0000)
            (-1.0000, -0.0069,   0.0000, 0.0000)
            ( 0.0000,  0.0000,   1.0000, 0.0000)
            (-9.8194,  6.2915, -13.5341, 1.0000)>
MESH
YellowBox.035
<Matrix 4x4 (-0.0069,  1.0000,   0.0000, 0.0000)
            (-1.0000, -0.0069,   0.0000, 0.0000)
            ( 0.0000,  0.0000,   1.0000, 0.0000)
            (-9.8262,  7.2813, -13.5341, 1.0000)>
MESH
YellowBox.039
<Matrix 4x4 (-0.0069,  1.0000,   0.0000, 0.0000)
            (-1.0000, -0.0069,   0.0000, 0.0000)
            ( 0.0000,  0.0000,   1.0000, 0.0000)
            (-9.7923,  8.2766, -13.5341, 1.0000)>
MESH
YellowBox.040
<Matrix 4x4 (-0.0069,  1.0000,   0.0000, 0.0000)
            (-1.0000, -0.0069,   0.0000, 0.0000)
            ( 0.0000,  0.0000,   1.0000, 0.0000)
            (-9.7992,  9.2753, -13.5341, 1.0000)>
MESH
Spike_Group.016
<Matrix 4x4 (  1.0000,  0.0000,   0.0000, 0.0000)
            (  0.0000,  1.0000,   0.0000, 0.0000)
            (  0.0000, -0.0000,   1.0000, 0.0000)
            (-12.2703,  0.0500, -13.3894, 1.0000)>
MESH
Tree1.002
<Matrix 4x4 ( 1.0000,  0.0000,   0.0000, 0.0000)
            ( 0.0000,  1.0000,   0.0000, 0.0000)
            ( 0.0000, -0.0000,   1.0000, 0.0000)
            (-1.6269,  4.6549, -13.4950, 1.0000)>
